	1   255  160  122        2
	2   255  140    0        5
	3   255    0    0        10
	4   102  205  170        24c
	5     0  255    0        46d
	6   135  206  235        7A
	7   255  192  203        7B
	8   100  149  237        7m
	9     0    0  128        8B
	10  218  165   32        8l
	11    0  128  128        8m
	12  205  133   63        9/46d
    13  210  180  140        9/46v
    14  108  211  134        DP
    15  144  238  144        F1
    16  112  128  144        F2
    17   75    0  130        F5
    18  165   42   42        F7
    19  250  235  215        MT
    20    0  100    0        PBr
    21  147  112  219        ProM
    22  255  250  240        STPc
	23  255   99   71        STPi
	24  127  255    0        STPr
	25  253  245  230        TEO
	26  250  240  230        TEpd
	27  135  206  250        V1
	28    0  255  127        V2
	29  250  128  114        V4
